PRX 0 1
f0rsakeN 4 0 0 0 7.000000 3.000000 9.000000 1
Jinggg 7 0 0 0 14.000000 1.000000 5.000000 1
d4v41 10 0 0 0 20.000000 14.000000 1.000000 1
something 11 0 0 0 18.000000 9.000000 7.000000 1
invy 14 0 0 0 25.000000 11.000000 6.000000 1
G2 1 0
leaf 4 0 0 0 26.000000 3.000000 7.000000 1
valyn 5 0 0 0 22.000000 12.000000 7.000000 1
trent 6 0 0 0 3.000000 14.000000 10.000000 1
jawgemo 10 0 0 0 13.000000 14.000000 8.000000 1
babybay 9 0 0 0 23.000000 6.000000 7.000000 1
NRG 0 0
Ethan 4 0 0 0 0.000000 0.000000 0.000000 0
mada 7 0 0 0 0.000000 0.000000 0.000000 0
brawk 13 0 0 0 0.000000 0.000000 0.000000 0
skuba 6 0 0 0 0.000000 0.000000 0.000000 0
keiko 5 0 0 0 0.000000 0.000000 0.000000 0
TeamLiquid 0 0
nAts 4 0 0 0 0.000000 0.000000 0.000000 0
kamo 5 0 0 0 0.000000 0.000000 0.000000 0
purp0 6 0 0 0 0.000000 0.000000 0.000000 0
wayne 7 0 0 0 0.000000 0.000000 0.000000 0
MiniBoo 8 0 0 0 0.000000 0.000000 0.000000 0